&w

1111111111,81111.1,31,17. 111111.
2, 3ἆ. 811 1, 4, 39. 1,5,15.

auctoratum, 811. 11, 7, 58.
Epist. 1, 1, 5. p. 432.

nolumus, 81111. ΙΙ, 5, 11.

1111111111ρί1. 1, 2, 40.

1111111, Corin. 111, 29, 15. Epist.
11,1,189.

auspicium, carm. 1, 7,27. 11, 15, 12.

mi, curm. 111, 24, 24.

acin, i. q. 11111, 011111, 15, 5.

acus, 8111, 5, 3.

bacchari, Carni. 1, 25, 11.

5111111 1151111811. 1, 3, 137.

111151 philosophorum, 811. 1, 3, 133

1111111611. 1, 32, 4.

11111111, Epod. 12, l.

11111, (1111111, 3, 7. 111, 15, 32.

benique, 1111111, 15.

bibere 1111111111, 01111. 11, 20, 20.

11111111, 8111111123, 14.

1111111111, Α. Ρ. 471.

bic 11111111111 11111, Epod. 5, 33.
Α. Ρ. 358. 440.

bonus, 8111111, 1, 3. ἱ811. 1, 1,
51. 11, 2, 1. 1111111131.
Α. Ρ. 297.

calcei 1111111111, 811 1, 5, 27.

cclix, 11ρί11. 1, 5,19.

conuocato, Epist. 1, 11, 18.

111111111111111. 111, 1, 11.

modus, Epist. 1, 4, 1.

1111111, Carni. 1, 15, 4.

canuc, curm. 1, 4, 4.

11111111,1111.1,31,5. >

1111111 deminutio, Carm. 111, 5, 42.

catus, Corm. 1, 10, 3.

caudam 11111111, 811 11, 3, 53,

11111111 cum coni Epist. 1, 14, 44.

1111111 aliquid, 811. 11, 5, 27.

ceu, 81111111, 4, 43.

111111,81111.117,8,21. 811. 1,

1311191111111111911, 811. 11, 7,15.

1111111111, Carni. 1, 2, 9.1, 3,11.

coam, 01111. lv, 5, 31. C. s.6;
fabularum, Α. Ρ. 193. ’

ciborium, Carni. 11, 7, 22.

cicccc, 111111. 11, 2, 53.

cinctum Ρ. 50,

1111111111,8111,2,98.

mobffiiol'iwgiiiiffiin propriorum,
81111. 111, 8, 18. 811. 1, 5, 87.

INDEX

circus, 811. 1, 5, 113.

1111111, 51111. 111, 1, 20.

1111111811111. 111, 3, 4.

11117111, Α. Ρ. 473.

clavus 11111111, Cano. 1, 35, 18

clivus 111111, 811111. lv, 2, 35.

1111111511, 811. 11, 2, 77.

coepi 11111 infinit. Λ. Ρ. 21.

1111113113..

coion, Epist 1, 3, 5.

cotom, Corio. 1, 35, 5.

commotus, 811. 11, 3, 209.

comoedia gracco, 811. 1, 4, 1.

1111111111171111111 rci 1111111111
ipsa 11, Carni. 11, 5, 14.

compensare, 811. 1, 3, 70.

compes, Epod. 4, 4.

compono, Canu. 111, 29, 33. Sai-
1, 9, 28. 11, 3, 77.

111111111111, similia, Curm. 111,
5, 29.. -

1111ρε111811. 1, 9, 29.

11111111111111111111111, 811. 1, 4,
70. 11, 5, 30

conopico, Epod. 9,15.

1111111111, ἱ. 1. 1111111, Α. Ρ. 314.

1111111101111. 111, 24, 50.

constructio ἀπὸ 11111117, Carm- 1,
3, 5. 1,14,15,Ι,15,5.1,31,9.
11, 11, 11. 111, 8, 19. Epod.
15,19. 811. 1, 1, 88. l, 3, 2.
Epist 11, 1, 13. ,

contemplari, 11111111, 29, 7.

contremisco, 81111111, 12, 8.

111, 811. 11, 3, 213.

cornu copicc,(1arm. Ι, 17. 15.

creari 1111 111111. Carni. 11119.

11111111311111, 18, 5.

cruc, 811. 11, 7, 47.

1111111811. 1, 9, 18. ,

cultellus, 81111. 1, 31, 11. ’

cum 11111111 111111181111. 5, 39.

cumpro 11, 811111, 1, 31.

11111111, 811. 1,1,53.

cumulatio, 811. 1, 8, 43.

11111111, 811111, 32, 15.

11111111,81111.11, 15, 15.

cur, (31111133, 3, Epioi- 1,8, 10.

1111171111, 811 1, 1, 55.

cyclici 111111, Α. Ρ. 135

11111111119 cum genitivo, 8111111,
14, 1 .

1111181111. lv, 4, 12.

dare, 811. 1, 10, 5.

dativa nominum quintae 11111111-

 

