ΝΜ

231111ιί1311ἳέ
933331ιιιιιιιιι,9331 19,9,17.
9ηι311,1111ιι,911“ιιι 1,1,’13 uor-
ces.,cam 111,29,99
cvm· cnm ιι ι ι ιι ιι.
1, 39, 2. 111, 29, 9, .
(54414382442, Germ. 4, 4, 5. 111,
93311,91ιιιι.1,35, 9.11,29,18.
ιιι, ι, ιι. ιιιιι, 3, ἰι
Daedalus, 9133 1,3,’39.11,29,
13 91ι3ι. 19, 2, 2.

11333,811.1,9’,38. 11,5,18.

191.’ 11, 7, 31.
9333113311,’81111,3, 19 99.

95. 329.
,93333,91131.111,19,1.
’93331331,931ιιι.’11,’19,18. 111,
933333, 331331. eorm. 19, 9, 7

namu, 13... ιιι, 33, ιι. ιιι. ιι,
ιι. ιι. cam ιιι, ιι. ιι, ι,

39. 19, 9, 27.

Dum, 811. 1, 19, 99. 11. 5, 91.
11, 7, 2. 199. Α. 1). 237.

December, 91133111, 18,19. 8333.
11, 5. 83111, 7, 9.

11311113, Cum. 44, 3.

Delos, ὒιιιιι 1. 21, 19. 31. carm.
111,9,9919,3,919,,933.

napus, 'cam ι, ι, ’.ι ιι. ’.ιἰιι.

31. carm 111,39’, 15.
nummus, 811. 1,19, 79. 99.

nemerim, 1131111, 12,12. 11,

1, 199. Ἀ. 1). 297.
1113131131, 9111131395 111,2,29.
91931113, 1131111, 19, 199.
9133331113, ’9333 1, 19, 5
Dossennus, Epist. 44, 1,’173.
913331, 33331318. 19,19,19.
83331, 913311, 7, 27.

Empedoclen, Epist. 4, 12, 29. Δ.

Ρ. 995.
Enceladus, Οιιιι. 111, 4, 59.

113313ι,31331391ιι3.19,8,29.
831 1, 19, 59 1331131,

Α. Ρ. 59 259.
83131333338313111, 1, 58.
83133113, 113131 9,”19
8133133, 9133. 1, 2, 33.
Erymanthus, 91ι1ι. 1, 21. 7.
Esquiliae, 811. 1,8. 19.11,9,.33

3183331199. 17, 58,
Eupolis!¹ 811. 1, 4, 1. 11, 3, 12.
Europe, 9333. 111, 27, 25. 57.

mum(

113333, carm. 4, 48, 45. 11, 19,
ἓῦ. 111,17,11. 19,9,93. 4V,
83131, 9133111, 25, 9.
Enim, 91113. 4, 48, 9. 11,11,17.
Fabius, 811. 1, 1, 19. ,1, 2139.
8313331333811. 11,3,39.
83133ιό3 Quaem, 811. 1, 9, 21.
83133133, Εἰιιιι. 4, 4, 4. 444, 7,2.
1933311333831111. 17,8
Feronia, 811. 4, 5, 44.
8333331313 81111. 11, 1, 195.
1133331313. l, 11,8.
mamm 4, 9, 72. ·
nom, 1131313. 11, 1.
Forma», 0333111313. ,
Formiae, 9133111, 17, 9. 31. 1,
amonim, 811. 1,19, 92. 11,8,19.
11333331, 5, 39.
Furnius, Sat. 4, 19, 89.
(13311, Epist. 4, 11, 7. 1, 15, 9.
11, 1, 25. 11, 2, 3.
Gades, 9133. 41, 2, 11. 11, 9,1.
Gamala, Carm. 4, 43, 19. 44, 29,
15. 111,29,2. Epist. 44, 2, 181.
Gataem‚carm.11,6, 19
Gany-04³2, Cum 'lv’ 4, 4
(1339 3311, 913311, 9, 7
(131331, 9113311923. 11,29,19.
633313199113.19,19,19.
931333,91ι3111,19,8’.
113111, 9133111929, 44. 19, 15,22.
(1331133, Canu. 4, 4, 9. 4, 39, 9.
111,1919.111,2122.1’9,7’,.5
33339113 11, 17, ’.19 111, ’9, 99.
1331333ιωί, 3, 15. 133 15.

· 11112 111,’,’.35 1112119

111, 9, 23. 83131. 1, 1893131.
911311, 19,9.

1133333, 9133. Ι, 12, 9.

1133313111, 91ιιιι’,11’12,2. 111,9,

3919, 8, 19 19, 4, 49.

nasama, cam 19, ’9,’38 72.

9313339133. 4, 25, 29 111, 23,
19. ’83131Ιῶ33 1, 19,’13

Hecate, 811. 1, 8, 33

Helicon, 91131. 1, 12583111. 11,
1, 218. 111. 299.

9333333331, Sat 4, 3, 129. 19,
25. 1,19, 1889. 1, 9, 72.

1131333131313 139133. 14, 4, 32.
333195.

Hiber, carm. 11, 29, 29.

 

