111111 111111111111111111111

Anulus, 511111. 11, 18, 5. Ι, 1,12.
1111111. 1, 11, 5. “
Α111111,811.1,10,53.111111111,
1, 55. 11. P, 258
1111511111,51111.1,1130,19,12,2,2.
12, 14, 25. 81111, 58. ⁴
1111111511,51111.1,2.1, 12112
ι9.111,3,11.111,1’,.1111,
33. 19,1,.1111,1,1111
111, ,15, 11111111,3,2.1,15,22.
1111111151111. 11, 5, 18
Auster, 51111111, 14,15. 111, 3, 4.
111, 27, 22. 12, 14, 21. Epod.
10,.4 8111,1,511,.2,41
11,5,18.11,,85.Ε111111,11,15
8111111111, 5. S· 5.2 Ep 111 11,2, 52.
Babylonius, 511111 1, 11, 2
Bacchae, 511111. 111, 25, 15.
8111111,51111.11 18, 20. 111,4,24.
1511511111
811 11, 4, 32.
Barnous-¹0, 511111. 111, 13, 1.
Bantinos 1111111,51111.111, 4, 15.
81111111118111, 5, 22.
8111111111, 51111. 1, 18,11.
Bellerophon, 511111. 111, 2,15. 111,
12, 8. 12, 11, 28.
Berecyntius, 5111111. 1, 18, 13. 111,
11118. 12, 1, 22.
8111111 sermones, 1111111. 11, 2, 59.
Bistonides, 511111. 11, 12, 29.
Boeoti, 1111111. 11, 1, 244.
Boreas, 511111. 111, 24, 38.
Bosporon, 5111111111, 13,14. 11, 20.
14. 111, 4, 30. ’
Brenni, Gorm. 12, 14, 11.
8111111111511111. 1, 21, 15. 1, 35,
30. 41114, 33. 111, 5, 3. IV,
8111115111. 11, 2, 2. 8111, 2,
182433.
0111111,Α.Ρ. 182
5111111111,1111111.11,1,.52 Α 1). 54.
calabria, 511111 1,31,.5 11511111.
1,,3315. 111, 15, 33. 12,,.820
811111.1,22.811111.1,2,14.
cales, 511111. 12. 12, 14.
51211111111,811111. 11, 2, 100.
calvos, 811. 1, 10, 19.
51151116451111. 1, 12, 42. Ε11”ι1
1,1, .
5111111111,811 1, 5, 45. 52. 1, 6,

ν’ 118, 11,3, 144. 11, 8, 55.

5111111111, 511111. l, 12, 12. 111,
υ, · .

3113

01111311,Ε1110.3,8. 81111511
12. 811.1,,..82448 811.,11
1, 48. 11, 8, 25.

5151111151111181, 5, 2. 11, 11, 1.
111, 8, 22. 12, 14, 41. 1111111.
1,12,25.11. 8111111,18,55.

5151111111, Sol. 1, 5, 21. 11,3, 158.

51111111,81111111,811 1, 5, 32.

51111111,Ε11111. 1, 2, 48.

Carpathium 1111111, 51111. 1, 35, 8.
12, 5,10.

Cassius 8111111111,811 1, 10, 52.

51111111 2111111111,811111 1, 4, 3.

51111111, 51111. 1, 18, 2.

51115111111111, 511111. 11, 15, 11.
111, 21, 11. 811. 1, 2,32. Epist.
ll, 2, 112. Α.1). 55.

coo 1211111111, 511111. 1, 12, 35.
11,1,24. 11111111,12,13.

5111111111,811.1, 10, 12.

5111111 Albinovanus, 811111. 1,3,15.

0111111111, 51111. 11, 11122. 111,

,12.

conano, 1111111111, 112. 51). 50.

5111111111, earm. 1, 22, 12151).

5111111111, 511111. 1, 22, 24. 11,12,
13. 12, 2, 15.

0111111111,Ε11111 11, 1, 233. Α.1).
352.

Chrysippus , 811. 1, 3, 122. 11, 3,

- 111.11111

Circe, 511111. 1, 12, 20. 811511. 12,
12. 11111111, 2, 23. 11111111,
5111111111,(Τί11111111511111111 Nero),
51111.12,14,22.Ε11111 1.3,2.
1,9,11,12,25.11.511111.
12, 4, 23.
Cleopatra, 51111. 1, 32, 2.
51111111111111,811111. Ι, 15, 2.
5111111111, Coruo. 111, 4, 34.
Corinthos, 51111. 1, 2, 2. Epist.
1,12,35. 11,1,193.
5111111111511111. 1, 16, 8.
51111111, 51111. 1, 21, 8.
Crantor, Epist. 1, 2, o„
0111111ερ11. 11, 3, 151.
Cratinus, 811 Ι, 4,1. Epist 1,
19,1.
Croto, 511111. 111, 22, 34. 811111.
2, 22. 1151111. 1, 25, 2.
Crispinus, 8111 1, 1,129. 1,3, 132.
1,1, 14. 11, 2,15.
51111111511111. 112,41. 8111111154.

 

