17661117611 766711168611.

Hiberia, 611111. 17, 5, 28. 17, 14,
56 81116621. 11. 8111143.

Hippolytus, 611111 17, 7, 26.

Hirpinus, 61111111, 11. Epist. Ι, 16.

Hyades, 611111. Ι, 3, 14.

Hydnepes, 61111. 1, 22, 8.

11,11ω,61111.11, 12, 6.

Hymettia, 611111. 11,6, 14 11,18,
3. 81111,2, 15.

lanus, 811. 11, 6261111111. 1,16,
59. 61111117, 15, 9. 8111111,
26, 1. 11, 1, 255. 8111. 11.3,18.
8111111, 1, 54.

inpetu, 611111. 1, 3, 27.

lnppae, 61111. 1, 3, 4. 111, 27, 26.

temne, 61111. 11, 26,13. 111, 7, 21.

Iccius, 6111111, 1, 29. Epist 1, 12.

11111, Cam. 1, 2, 17. 111, 9,8. 17,
8, 22. 811.1,2,126.

ltine, 11111111,Ι 116116611ω.1,16, 14.

ilithyia, 6. 8. 14.

Indue, 611111. 1, 12, 56. 17,14,42.
Epist. 1, 6, 6.

Ino, Α. Ρ. 123.

11, Α. P. 124.

Itys, 611111. 17, 12,5.

11ἶ1191,78)11 1, 4. 143 1, 5, 166.

leion, 611111. 111, 11, 21.,1. Ρ.. 124.

1111111191, Carra. 111, 5, 39. 17,
4, 69. 17, 8, 17. Ep0d.9,25.
811. 11, 1, 66.

1115111111, 811 1, 16, 6.

Lnettrpponee, 611111. 111, 16, 34.

11111111, vide Aelim.

Lapithae, 611111. 1, 18, 8. 11, 12, 5.
1111111111311111. 1, 16, 66.

11516111,Εμ111. 1, 11, 6.

Libitina, 611111. 111, 36, 7. Sat. 11,
6,19. Epist. 11, 1, 49.

1111111111,611111. 11, 16.

1111111111, 61111111, 12, 13. 23.

1111161111. 1, 31, 7. 111, 17, 8.

111ὲ1ἑ1161911111111111111, Epist. 11, 1,

558

naum, vide p. 'itq- 56.

ssepeeint 7111111,811.1.16,38. Α.

Maenius, 811. 1, 1, 161. 1, 3, 21.
23. Epist 1, 15, 26.

11111111, Epod. 16.

1111116111, Epist 1, 18, 165.

1111111111, Germ. 1, 12, 46.

ltnrien, 611111. 111, 17, 7. ¹

Marsyae, 811. 1, 6, 126.

Matinae, 61111. 1, 28, 3. 17, mn.
Epod. 16, 28.

uns, cnm. 1, 1, 11. 111, 5. 1, ·

29, 4. 11, 16, 6. 11, 9, 21. 111,
3, 44. 111, 5, 6. 111, 8, 19.
17, 14, 42.
111111911,Α. Ρ. 146.
1111111611,811.11, 3, 11. Epion.
11, 1, 57. 1111111329.
11111161,811. 1, 6, 42. 1, 16,85.
Minas, 61111. 111, 4, 53.
11111111111111. 1,6, 65. 11,2.

renos, carm. 1, 11, 1. 11, 1, 11. 1

Minturnae, Epist. 1, 5, 5.
1111111111 (via) Epist. Ι, 18, 26.
1111111111,Ερο6.6,5. 811116,
1111161111, carm. 111, 6, 6.
Munatius 81111111, 011111. 1,7.111,
14, 28. ct. Epist. 1, 3, 31.

lttprepg, 611111. 111,19,11. 8111,

11151..ζ11.1..11,11,11111,11111.

Myrtoum mnne, 611111 1, 1, 14.

Mytilene, 611111. 1, 7, 1. Epist. 1,

aneliiniJ'Epint. 11, 1, 53.

Nero, 6111111111 Tiberius, 61111117,
t, 11. 11. ιν, 11, 11. 111111,
8, 2. 1, 9, t. 1,12, 26. 11,

1161111111 1111

Niphates, earm. 11, 9, 26.

eonius, 111... ’11, 9. Epist 1, 1ο, 11111011111111, 11 epod.

28. 1, 2. 1,18.
tioium, vide pag. 368.
tacitanus. 15 Epod. 5,6.
eueniant, 6111111. 1, 17. 1.
1111111111, Epist. 1, 6, 46,
1111316151, Epod. 6, 13. Epist. 1,
Lycntyut, Thrax, 6111111. 11,19,16.
11111111,811.1,2,96. Epist. 1, 1,28
1111111111811111. 11, 1, 246.

15, 22.

Nomentanus, 811. 1, 8, 11. 11, 1,

ἐξ ep, 3, 111. 111. 11, 111

Neriene, cusis, Carni. 1, 16, 9.

Epod. 17, 71.
Notus, Garun. 1, 3, 14. 17, 5, 9.
Numa, 611111 1, 12, 34. Epist. l,
6. 27. 11. 1, 86.
Olympia, Epist. 1, 1, 56.

 

